6 0.8296875 0.7859375 0.25 0.428125
7 0.61171875 0.6484375 0.3109375 0.703125
10 0.365625 0.67421875 0.29375 0.590625
6 0.13203125 0.684375 0.2546875 0.4875
9 0.76953125 0.76171875 0.140625 0.3171875
9 0.19765625 0.63671875 0.146875 0.2875
9 0.02421875 0.60546875 0.0484375 0.3171875
3 0.921875 0.48671875 0.1375 0.221875
3 0.053125 0.3296875 0.0921875 0.196875
3 0.18125 0.3515625 0.1453125 0.228125
3 0.3265625 0.36875 0.1125 0.2015625
3 0.47421875 0.39609375 0.1328125 0.1984375
3 0.78515625 0.46328125 0.1234375 0.209375
1 0.63984375 0.2953125 0.215625 0.4390625
4 0.49375 0.28203125 0.221875 0.4625
0 0.3453125 0.3203125 0.171875 0.3203125
0 0.7734375 0.39140625 0.1484375 0.2796875