9 0.85703125 0.76953125 0.128125 0.2453125
9 0.74296875 0.76953125 0.1125 0.2578125
9 0.6296875 0.76796875 0.115625 0.2578125
9 0.5234375 0.765625 0.0984375 0.259375
9 0.4109375 0.76015625 0.11875 0.2625
9 0.3015625 0.76328125 0.1125 0.2609375
9 0.19375 0.753125 0.1171875 0.2578125
9 0.08984375 0.753125 0.1125 0.2546875
11 0.87734375 0.48359375 0.1203125 0.2375
11 0.1078125 0.4765625 0.1015625 0.2515625
8 0.76953125 0.47265625 0.1046875 0.2609375
8 0.2203125 0.4625 0.1375 0.2640625
6 0.66484375 0.4546875 0.1078125 0.309375
10 0.33515625 0.45 0.1234375 0.3125
10 0.44453125 0.43828125 0.115625 0.328125
7 0.55625 0.409375 0.140625 0.39375